IP=13,6,14,27,46,24,31,39,32,22,59,19,44,56,53,17,33,55,51,29,54,37,61,4,21,43,60,62,30,18,38,11,36,2,48,57,16,8,23,5,9,10,58,3,52,20,40,1,26,35,12,34,45,41,49,50,63,42,15,64,47,28,7,25
E=8,9,19,14,2,3,32,18,27,28,29,22,25,4,15,3,23,12,18,24,12,8,22,24,13,11,10,6,26,16,7,13,31,1,7,29,4,20,21,5,32,15,23,17,25,16,30,2
P=12,21,32,6,27,24,20,15,10,11,29,19,17,26,1,16,4,28,8,5,14,31,23,18,9,22,25,3,13,30,2,7
S1=5,1,13,10,14,8,7,11,2,15,12,3,9,4,6,0,14,2,7,12,9,11,10,3,4,13,15,6,8,5,0,1,4,10,7,0,9,5,12,14,1,11,13,8,6,2,3,15,6,3,2,1,15,11,14,13,5,12,10,7,8,0,4,9
S2=7,11,6,0,15,2,12,13,8,9,1,5,4,3,14,10,9,0,12,13,8,4,1,2,10,11,6,7,3,14,15,5,12,11,1,15,9,5,13,8,0,4,10,14,3,2,6,7,9,11,14,7,4,12,2,3,5,10,8,0,13,6,15,1
S3=5,4,11,12,7,1,15,13,8,6,9,3,10,0,2,14,2,11,12,7,10,13,4,14,9,15,8,1,5,3,0,6,10,13,5,4,7,8,0,1,14,9,2,12,11,3,6,15,6,12,7,5,11,14,0,2,10,9,1,4,3,8,15,13
S4=9,14,6,0,8,2,3,10,12,4,11,7,13,5,1,15,8,5,6,12,10,15,11,1,3,7,2,0,9,14,13,4,14,6,0,15,1,10,3,7,5,11,2,12,13,9,8,4,9,12,6,11,15,8,4,1,7,14,3,13,2,0,10,5
S5=8,3,14,7,12,15,1,9,2,6,11,5,10,0,4,13,14,15,12,11,9,13,1,0,3,8,5,6,10,7,2,4,6,2,13,3,12,4,9,15,10,11,1,8,0,5,14,7,13,0,9,4,5,3,2,7,11,1,8,15,12,10,14,6
S6=1,4,10,2,6,5,14,7,11,13,9,3,0,12,8,15,11,7,1,0,4,2,9,8,3,14,13,15,5,6,12,10,11,5,7,1,6,4,10,3,12,0,8,13,15,2,14,9,1,9,12,3,15,7,8,13,4,10,6,5,0,14,2,11
S7=5,0,7,11,14,12,10,3,9,4,13,6,2,15,8,1,0,1,14,11,10,6,13,4,9,3,7,8,5,12,2,15,13,4,8,11,1,0,7,10,9,3,12,14,15,5,6,2,2,10,15,0,3,5,7,11,13,4,8,6,14,1,12,9
S8=4,13,9,15,5,8,14,0,6,12,3,1,2,7,10,11,10,1,15,6,7,12,14,13,2,8,9,5,3,0,4,11,6,7,2,9,5,15,14,10,11,3,12,13,4,1,0,8,1,0,11,15,14,4,3,6,13,8,7,12,5,2,10,9
V=2,1,2,2,2,2,2,2,1,1,2,2,2,2,2,1
PC1=7,43,34,13,45,54,35,22,20,52,25,53,28,6,3,58,14,27,30,19,60,1,39,36,4,59,46,63,33,29,38,57,62,12,9,49,47,17,15,51,42,55,37,5,10,41,44,50,26,2,18,11,23,21,61,31
PC2=41,52,56,40,38,19,11,28,4,21,29,54,43,26,9,24,8,31,36,27,10,51,30,17,53,5,20,32,37,18,35,23,50,33,49,45,46,13,3,34,22,44,47,2,1,48,16,12
