IP=13,7,39,58,27,32,5,33,15,40,29,38,44,24,11,62,23,42,47,25,36,53,34,2,20,46,8,30,43,64,54,18,57,50,59,4,63,60,56,26,12,22,48,16,61,9,19,41,45,14,1,3,51,55,52,17,35,6,31,49,21,37,28,10
E=3,8,28,17,13,26,9,6,21,9,12,8,10,25,2,11,24,14,17,18,10,29,32,7,18,3,23,20,22,12,2,14,30,4,26,24,11,5,15,19,1,30,31,27,16,7,31,19
P=26,10,25,15,4,7,19,17,1,12,3,21,22,30,31,9,23,11,24,28,2,6,5,20,29,16,13,8,32,14,27,18
S1=2,12,1,5,10,8,4,11,0,13,7,9,3,14,15,6,9,7,5,11,8,1,2,13,6,0,14,12,10,3,4,15,7,13,15,10,5,1,6,2,0,9,12,14,8,3,11,4,7,6,5,10,15,3,14,2,11,12,0,8,4,9,1,13
S2=3,8,12,9,14,7,15,4,10,0,1,6,11,2,5,13,2,4,10,1,7,12,13,3,5,14,6,8,0,9,15,11,1,0,5,6,4,8,11,9,7,15,2,14,10,3,13,12,3,5,10,4,2,13,14,1,9,0,12,8,11,7,6,15
S3=13,1,4,6,15,10,5,0,2,9,7,3,11,12,8,14,6,0,13,5,11,15,12,1,8,2,10,14,9,4,3,7,5,11,13,14,9,7,1,6,12,2,8,15,3,0,10,4,12,8,6,11,13,0,4,15,14,1,5,2,3,7,10,9
S4=2,0,5,1,13,3,4,14,10,8,6,12,7,9,11,15,12,2,15,8,7,0,9,10,13,11,1,3,4,6,5,14,6,3,0,2,8,13,10,12,1,5,14,9,11,4,7,15,12,5,0,6,15,9,2,14,4,1,13,8,7,3,10,11
S5=2,0,9,11,13,1,4,10,7,8,14,6,3,5,15,12,1,3,11,6,5,7,12,13,10,0,9,4,14,8,15,2,9,0,4,1,12,5,15,11,13,10,6,14,3,7,2,8,2,3,12,4,8,10,11,1,9,0,13,15,7,6,5,14
S6=5,14,1,2,11,13,6,8,9,15,12,3,4,7,0,10,5,10,11,12,1,13,4,6,15,14,0,7,2,3,9,8,14,1,4,15,5,8,9,3,6,13,11,2,7,10,12,0,15,7,3,11,4,2,10,1,13,5,6,0,12,8,14,9
S7=7,9,14,2,0,15,5,4,1,6,8,10,3,13,12,11,7,3,5,6,1,12,2,10,11,8,13,9,15,14,4,0,5,7,8,1,0,10,9,15,4,12,13,2,3,14,6,11,1,4,10,9,3,11,15,0,14,7,13,12,2,6,5,8
S8=4,3,9,0,8,6,15,14,10,1,5,13,12,2,7,11,2,9,11,15,13,0,12,6,8,3,5,14,10,1,7,4,4,7,9,2,10,13,14,11,6,5,8,15,1,3,12,0,7,15,0,12,3,13,11,2,5,8,4,9,14,1,6,10
V=2,2,2,1,2,2,2,2,2,2,2,2,1,1,1,2
PC1=12,61,17,25,6,31,27,13,62,49,35,30,60,2,55,47,41,23,1,44,57,37,42,38,14,50,29,45,63,58,21,20,4,34,43,46,54,52,3,26,22,15,33,39,9,19,51,5,7,10,28,36,18,11,53,59
PC2=16,44,4,35,24,29,56,50,3,45,12,41,40,52,27,36,53,26,38,28,48,22,5,25,15,20,7,42,31,51,10,30,9,11,39,33,55,8,49,37,1,47,34,18,19,32,14,21
