IP=10,53,35,52,16,38,23,24,32,54,49,50,28,55,56,63,14,22,47,58,11,29,18,60,61,2,41,8,17,3,9,15,39,21,40,25,51,30,36,7,26,12,20,5,62,44,45,59,27,37,33,19,34,64,48,13,57,46,4,31,43,42,6,1
E=30,13,4,30,17,5,11,19,25,8,15,2,13,27,7,6,22,8,9,14,12,28,9,23,3,1,29,16,26,10,16,10,31,21,32,17,7,24,2,23,20,25,1,3,11,5,18,28
P=30,5,14,4,6,15,31,7,28,18,20,22,13,25,10,17,23,9,11,1,8,3,29,21,12,27,16,32,19,2,24,26
S1=13,5,6,7,1,14,10,11,0,9,15,3,4,2,8,12,4,1,10,7,3,15,9,14,0,11,13,6,8,2,12,5,1,10,2,9,13,7,3,14,4,5,12,15,8,11,0,6,1,2,8,6,9,14,10,15,0,7,12,11,3,5,4,13
S2=12,10,9,15,11,2,13,4,14,3,7,1,5,8,0,6,13,6,1,4,11,7,9,5,10,14,2,0,8,3,12,15,8,1,2,10,15,7,9,12,6,0,11,13,3,14,4,5,15,14,12,10,7,13,11,8,5,2,0,1,6,3,9,4
S3=4,2,5,0,11,9,7,6,13,1,10,8,14,3,12,15,7,10,2,1,13,5,8,6,0,14,4,9,11,15,3,12,7,0,4,10,2,8,12,5,11,14,6,13,15,1,9,3,14,10,12,7,2,0,15,13,11,5,8,6,9,4,3,1
S4=12,7,3,4,11,14,6,13,9,0,5,8,15,2,1,10,5,11,13,2,4,10,12,8,7,1,14,6,9,15,0,3,6,2,0,5,15,7,11,10,13,9,4,8,3,14,1,12,12,4,11,2,6,3,10,9,5,0,15,13,8,7,14,1
S5=5,14,4,7,10,9,11,3,2,0,13,15,12,8,6,1,12,4,3,2,14,8,1,10,6,15,11,13,0,5,7,9,6,8,13,2,9,12,14,7,3,0,1,15,5,4,10,11,5,11,1,6,3,13,4,9,14,7,12,8,0,2,15,10
S6=2,9,12,10,8,3,5,1,0,7,13,14,6,4,15,11,4,9,6,15,11,1,7,12,0,14,10,5,2,3,8,13,13,6,8,11,10,4,1,12,14,2,7,9,15,5,3,0,1,6,14,4,0,10,13,5,7,15,3,9,8,12,2,11
S7=2,8,3,7,1,0,11,5,4,9,15,6,13,12,10,14,3,11,5,9,6,15,12,0,4,7,8,10,2,14,13,1,11,7,6,1,8,0,4,3,10,13,15,2,14,5,9,12,2,15,6,1,9,7,14,0,10,13,12,5,11,8,4,3
S8=7,2,6,3,14,11,4,5,13,12,10,1,9,0,15,8,13,5,12,7,8,0,2,11,6,15,9,3,14,10,4,1,10,5,11,9,14,15,12,6,13,8,2,0,3,7,1,4,12,6,8,4,2,0,7,15,10,5,3,14,11,9,1,13
V=2,2,2,2,2,2,2,2,1,1,1,2,2,2,2,1
PC1=46,35,2,55,36,17,39,47,19,25,1,45,50,33,58,57,34,18,20,60,62,51,43,22,30,9,37,54,28,3,52,29,23,49,41,6,53,11,63,21,10,27,59,42,14,12,26,7,61,31,5,44,4,15,13,38
PC2=29,21,52,14,30,5,8,45,35,18,3,6,28,26,23,19,48,1,15,2,11,53,20,31,46,39,10,43,37,41,17,24,47,30,32,42,33,50,49,25,7,55,40,54,44,36,13,51
