IP=36,8,43,13,6,26,7,42,47,54,55,10,32,62,39,38,14,9,4,51,34,5,27,28,1,57,24,19,33,58,16,21,41,48,52,12,44,61,31,3,64,23,46,37,29,40,56,59,30,20,17,63,15,11,18,22,45,25,60,53,35,2,49,50
E=12,11,32,14,18,15,29,26,19,10,30,3,16,8,3,15,9,31,19,12,29,20,23,5,21,16,13,6,31,8,24,27,17,4,7,11,13,28,24,1,5,6,27,21,22,25,2,17
P=13,3,29,26,8,27,19,7,31,16,6,17,5,12,25,10,22,4,28,20,23,18,21,1,14,9,11,15,2,30,24,32
S1=0,11,4,14,8,10,15,9,12,3,13,6,2,1,7,5,3,13,5,12,10,11,0,4,2,14,1,8,7,9,15,6,10,1,9,14,0,7,12,11,3,5,15,6,2,13,8,4,8,7,6,3,9,10,11,2,12,13,15,5,14,0,1,4
S2=7,15,3,2,1,9,5,14,12,4,11,0,13,8,10,6,3,5,2,15,13,9,12,8,4,1,14,0,6,7,11,10,14,0,4,13,10,5,1,11,3,8,12,7,9,2,15,6,3,4,1,10,5,13,15,2,7,12,11,6,0,14,9,8
S3=10,14,11,1,0,9,15,2,6,8,12,3,4,7,5,13,2,9,6,12,0,14,10,3,13,4,7,8,1,15,11,5,10,11,3,1,7,6,9,12,8,0,4,5,13,15,14,2,3,6,5,15,9,4,14,11,2,13,1,0,7,10,8,12
S4=0,2,6,4,1,13,10,15,8,7,12,11,5,3,14,9,13,7,11,10,1,14,4,5,2,8,15,3,0,6,9,12,13,2,10,8,1,3,15,14,6,5,0,4,11,7,9,12,7,11,12,4,3,2,5,10,13,1,0,15,6,14,8,9
S5=5,4,8,7,2,9,1,11,0,3,14,12,13,6,15,10,11,2,13,7,3,1,10,14,5,12,6,0,8,9,4,15,7,5,15,8,0,6,10,13,4,2,3,1,12,14,11,9,12,5,2,7,8,0,15,11,10,13,4,6,14,1,9,3
S6=1,8,6,5,9,4,13,0,15,10,11,12,14,3,2,7,10,9,1,6,14,3,13,4,8,7,5,15,11,0,2,12,14,7,4,5,9,0,13,12,15,10,6,3,1,8,11,2,2,12,5,13,8,9,10,11,1,7,14,3,6,15,0,4
S7=6,14,1,8,7,2,12,13,0,11,9,5,10,15,4,3,9,8,14,15,2,5,12,4,11,10,0,7,13,6,1,3,1,4,2,10,7,3,12,5,0,11,13,8,6,9,14,15,5,6,1,7,0,14,8,2,3,11,13,4,10,12,9,15
S8=14,4,5,13,0,7,9,15,11,2,8,1,10,6,3,12,3,6,4,2,7,9,12,5,13,0,11,1,15,10,8,14,3,4,0,5,13,1,7,15,12,8,6,14,2,11,10,9,0,9,2,10,8,15,13,1,14,12,5,4,3,6,11,7
V=2,1,2,1,2,2,2,1,2,2,2,2,2,1,2,2
PC1=38,41,53,26,28,57,5,63,13,14,52,36,6,55,27,47,10,39,54,62,29,19,2,1,25,22,50,9,4,44,11,7,59,31,49,37,12,51,46,17,20,43,42,60,61,35,30,34,23,18,15,33,3,58,45,16
PC2=25,48,46,53,50,36,54,21,11,27,43,6,26,29,9,47,42,31,2,18,40,12,7,33,22,14,10,32,20,39,1,17,52,56,34,49,3,41,23,5,38,51,19,45,24,28,16,4
