IP=11,45,48,3,64,61,44,35,29,43,16,22,21,13,58,23,12,56,50,18,30,17,10,36,25,39,51,54,6,1,5,27,41,2,57,15,33,4,63,42,40,49,46,14,60,32,55,26,28,20,34,53,38,7,59,47,19,52,24,31,9,62,37,8
E=20,14,7,11,6,13,6,16,21,30,10,27,10,31,15,19,17,8,5,32,12,28,29,11,19,3,24,18,25,32,2,2,1,22,13,4,12,26,27,5,4,15,21,23,20,8,9,14
P=14,5,2,7,22,13,18,3,25,30,24,8,28,20,27,1,23,26,6,31,32,19,4,10,11,16,21,29,12,9,15,17
S1=1,5,10,11,6,8,3,0,7,13,9,14,4,12,15,2,4,9,3,2,0,10,1,7,15,8,14,12,13,6,5,11,5,12,14,13,10,6,9,7,4,1,0,15,3,2,11,8,12,4,13,0,2,7,14,11,15,5,8,10,3,6,9,1
S2=5,1,15,12,8,14,10,2,7,6,0,11,13,4,3,9,9,13,8,2,3,6,4,14,0,7,11,15,5,1,10,12,5,0,11,10,13,1,15,2,7,3,6,12,4,9,14,8,12,8,11,4,5,7,14,6,1,2,9,3,15,0,10,13
S3=3,0,13,9,8,4,15,7,6,14,11,10,2,12,1,5,3,14,15,6,8,9,2,5,0,10,7,11,4,1,13,12,3,10,8,2,7,14,0,11,1,9,15,4,6,5,13,12,9,7,5,11,6,14,13,15,2,1,12,4,10,8,0,3
S4=3,2,13,4,0,14,6,15,10,12,5,9,7,1,11,8,12,4,3,8,7,9,5,0,13,2,6,1,14,15,11,10,2,3,9,5,11,7,1,6,12,4,10,0,14,15,13,8,15,1,4,10,14,9,2,6,3,7,8,12,11,13,0,5
S5=2,1,9,8,5,7,0,14,3,15,11,6,4,12,10,13,12,9,4,15,13,0,2,7,14,6,1,8,10,5,3,11,6,4,8,0,3,14,15,13,7,1,9,2,10,11,12,5,4,7,6,0,2,13,10,5,15,9,8,1,14,12,11,3
S6=0,15,3,9,12,5,6,1,14,4,10,8,13,7,2,11,12,11,14,5,10,3,1,13,4,15,6,7,2,0,9,8,10,8,7,4,2,3,13,5,12,14,0,9,1,15,6,11,13,1,0,3,10,2,15,5,11,7,4,14,12,9,8,6
S7=0,1,2,4,6,14,8,15,3,10,9,12,13,11,5,7,9,2,1,14,6,15,12,7,8,5,10,11,13,0,4,3,4,6,8,5,1,10,11,14,13,7,9,2,12,15,0,3,14,2,6,5,10,12,9,8,11,1,15,4,7,0,3,13
S8=11,3,13,4,0,7,8,6,10,2,12,5,15,9,14,1,3,9,7,4,6,10,2,11,8,1,0,12,13,5,15,14,2,8,9,0,5,7,15,12,3,1,10,6,11,14,4,13,5,7,3,12,8,0,6,9,4,11,1,14,2,13,15,10
V=2,1,2,2,2,2,2,2,2,2,2,2,1,2,2,1
PC1=21,26,14,3,45,36,31,41,6,27,22,5,20,46,29,34,17,51,35,7,10,53,43,9,37,28,44,2,39,58,63,57,12,60,59,54,33,18,1,4,30,13,42,62,19,47,15,61,50,23,52,49,38,55,11,25
PC2=14,36,2,23,12,51,17,38,25,37,4,10,32,9,19,21,42,15,40,47,33,50,26,6,18,3,28,34,56,11,35,1,41,29,49,27,54,44,24,48,52,43,46,5,55,45,8,20
