IP=16,37,49,52,11,28,58,51,61,24,38,30,7,46,56,41,45,27,5,21,4,63,53,54,10,20,35,55,39,25,6,64,43,12,34,57,9,23,8,14,29,26,22,1,13,42,44,18,17,3,31,50,36,15,62,40,59,33,32,47,48,2,19,60
E=2,11,13,27,21,5,23,9,10,4,6,3,10,30,12,5,31,9,26,7,1,28,15,6,15,29,14,25,18,19,24,2,8,22,16,22,30,20,32,23,24,16,21,26,17,3,19,18
P=19,22,4,9,7,27,10,29,8,26,18,14,28,30,3,11,24,23,12,25,15,21,17,1,6,16,5,2,13,32,20,31
S1=7,14,8,3,5,6,12,10,4,11,9,0,13,1,2,15,0,7,12,3,14,2,8,9,1,15,11,4,6,5,10,13,6,9,3,1,11,7,4,12,14,10,5,2,13,15,0,8,14,3,10,2,13,5,15,4,9,6,0,1,12,11,8,7
S2=10,9,2,4,15,1,5,13,12,7,14,8,6,11,0,3,2,6,14,0,8,12,13,3,15,10,9,1,5,4,11,7,2,8,13,6,12,7,3,14,10,0,1,5,11,4,9,15,4,7,0,12,8,3,2,10,1,14,15,5,6,9,13,11
S3=2,3,12,9,7,14,11,8,13,6,15,0,5,10,4,1,12,7,4,0,6,10,1,14,3,9,11,8,5,2,15,13,11,12,0,5,6,2,10,9,8,14,15,7,3,13,4,1,2,14,10,13,5,3,8,9,11,15,7,0,6,4,12,1
S4=11,12,4,6,7,3,9,13,2,1,14,0,10,5,15,8,14,7,6,12,2,13,8,0,9,11,3,10,15,1,4,5,6,1,3,12,7,5,13,8,10,14,2,0,9,4,15,11,7,4,0,1,11,3,15,12,14,13,2,5,9,8,6,10
S5=1,6,9,2,10,13,15,0,11,4,3,8,12,14,5,7,7,11,6,2,1,14,8,12,0,5,15,10,4,9,13,3,8,0,14,15,13,3,9,4,12,2,10,11,6,5,7,1,6,2,3,5,1,7,0,8,13,15,9,12,14,11,10,4
S6=0,4,11,14,8,2,12,5,6,13,1,10,15,7,3,9,1,7,12,13,2,15,14,3,5,8,11,0,4,10,6,9,1,3,0,8,5,11,10,9,15,6,12,7,4,2,14,13,7,6,2,11,12,14,9,3,5,1,8,13,4,0,10,15
S7=0,8,7,2,5,6,9,13,11,1,3,12,10,4,15,14,7,3,13,11,4,12,9,1,5,0,10,2,6,14,15,8,1,5,0,6,7,9,13,12,11,14,2,3,15,4,10,8,9,7,0,12,6,11,5,15,13,3,1,4,8,10,14,2
S8=12,2,4,0,11,1,15,5,14,6,13,8,3,10,9,7,1,4,7,8,5,2,12,10,9,14,6,11,13,0,15,3,8,10,4,13,6,9,15,3,14,0,11,12,1,2,5,7,3,5,14,9,15,8,6,1,7,11,10,12,0,4,13,2
V=2,2,1,2,1,2,2,2,0,2,2,2,1,1,2,2
PC1=1,41,37,62,30,53,38,34,13,35,14,29,20,21,46,23,47,58,7,26,31,52,28,42,57,6,44,3,19,51,63,15,59,9,4,22,50,25,49,10,45,11,17,60,55,54,36,61,2,12,39,43,5,33,18,27
PC2=1,9,13,55,15,34,33,17,6,24,3,30,11,18,47,38,52,28,5,12,40,41,56,21,32,10,23,26,4,49,16,27,31,8,48,44,7,50,19,42,14,45,35,37,22,20,36,29
