IP=34,10,25,48,12,53,29,40,2,62,11,39,22,36,19,8,64,18,47,51,33,23,31,9,15,41,5,21,58,30,60,45,38,32,4,57,24,1,14,17,54,35,44,56,13,3,59,20,28,46,16,43,63,55,52,37,50,7,61,6,26,42,49,27
E=13,17,16,12,26,1,12,8,21,31,3,25,27,2,18,28,9,17,15,20,32,19,22,31,11,10,6,24,30,28,26,27,7,11,5,5,14,4,29,13,1,9,16,14,15,23,25,18
P=1,19,27,10,9,21,29,15,28,8,13,6,26,16,31,18,7,23,25,3,5,22,11,32,20,24,4,12,30,17,14,2
S1=15,0,14,2,11,9,13,7,4,5,3,6,10,1,12,8,1,12,7,6,4,10,9,0,11,5,15,2,3,13,14,8,5,14,15,0,12,11,1,10,9,6,7,13,4,2,3,8,9,3,13,11,10,4,1,6,14,15,5,8,7,12,0,2
S2=15,6,5,1,4,8,11,2,0,10,13,3,12,14,9,7,14,4,1,7,8,6,3,0,5,10,2,15,12,9,13,11,13,7,9,11,12,2,15,3,0,6,5,10,8,4,1,14,9,4,3,6,11,7,8,10,15,2,13,14,5,0,1,12
S3=4,15,14,10,1,7,9,2,6,3,0,5,13,8,11,12,13,3,0,4,6,12,11,14,9,2,5,10,8,15,1,7,6,7,3,10,11,13,9,15,8,4,0,14,12,1,2,5,1,6,2,15,3,11,7,13,10,0,9,4,8,14,12,5
S4=6,13,14,0,2,3,8,11,4,5,9,15,12,7,1,10,7,2,11,3,4,12,13,0,9,8,15,5,1,14,6,10,4,8,7,6,0,2,1,14,10,11,9,15,12,13,3,5,7,12,9,0,8,2,6,14,15,1,10,4,13,5,11,3
S5=7,5,2,13,10,15,9,1,4,14,0,8,11,6,12,3,15,12,9,2,1,3,4,7,10,8,6,5,13,14,11,0,14,1,3,12,11,10,5,8,15,13,2,0,9,7,6,4,4,8,11,12,2,5,6,1,13,9,0,10,7,14,3,15
S6=6,0,3,10,4,15,8,1,14,5,7,2,9,13,11,12,10,14,2,8,1,7,6,0,11,15,4,13,9,5,12,3,3,1,13,10,9,2,14,11,15,7,4,0,8,6,12,5,1,7,3,10,0,8,4,2,6,15,5,14,11,9,13,12
S7=0,9,5,6,7,15,14,13,11,3,2,4,8,12,1,10,14,9,1,3,10,2,8,0,7,12,15,13,6,11,4,5,9,4,6,15,2,14,7,3,0,10,12,11,1,5,8,13,8,15,1,3,10,2,5,0,9,12,11,7,13,4,6,14
S8=5,8,13,12,3,1,14,9,10,11,0,15,7,2,6,1,2,6,7,12,13,14,9,10,11,5,15,8,4,0,3,10,12,15,8,2,3,7,11,14,0,13,5,1,4,9,6,15,5,0,4,7,3,1,10,12,6,14,13,8,11,9,2
V=1,1,2,2,2,2,1,2,2,2,2,1,2,2,2,2
PC1=50,46,19,49,7,23,33,29,4,17,14,18,21,53,20,22,61,57,35,45,26,47,58,27,63,2,28,51,36,43,41,15,10,44,54,37,52,1,34,31,30,3,25,42,39,11,62,55,6,9,38,12,60,13,59,5
PC2=15,17,3,30,1,38,45,21,44,16,10,35,23,50,24,37,28,34,40,46,22,55,20,5,56,36,48,41,9,11,4,43,8,32,53,49,31,27,25,47,52,51,14,39,13,12,6,42
