IP=12,10,22,5,34,7,46,48,4,30,28,29,49,23,11,15,3,53,43,24,25,26,64,44,52,51,9,56,32,36,50,19,54,62,27,57,47,14,1,8,39,55,16,31,59,42,2,33,63,60,35,45,41,6,40,61,21,18,17,37,20,58,38,13
E=23,6,13,18,8,17,9,12,26,28,7,32,25,10,31,16,21,18,29,15,20,23,5,22,24,19,17,27,4,16,11,1,29,30,25,12,4,14,22,32,24,10,8,2,9,3,11,30
P=19,24,15,9,10,28,16,14,13,22,7,23,25,18,5,26,30,21,2,17,11,32,20,31,3,1,12,29,6,8,27,4
S1=4,11,15,10,13,6,12,8,9,14,7,2,1,0,5,3,10,14,2,0,5,1,8,6,13,3,11,4,9,7,15,12,4,8,11,0,6,7,3,5,13,2,12,9,14,15,10,1,12,2,9,3,10,11,0,6,15,4,5,7,1,8,13,14
S2=4,6,10,9,1,12,3,13,7,14,0,2,11,15,8,5,15,7,0,6,9,11,2,8,4,10,3,5,12,14,13,1,7,1,8,10,9,5,4,13,3,6,0,11,2,15,12,14,8,3,11,1,4,7,12,0,15,10,14,2,6,5,13,9
S3=6,12,13,14,8,1,4,2,11,10,9,7,0,15,5,3,9,0,2,11,13,1,10,15,12,4,6,8,7,5,3,14,10,13,12,7,15,8,2,4,3,11,6,5,0,9,1,14,4,0,9,5,1,8,15,7,2,11,13,12,14,3,6,10
S4=11,5,8,13,12,3,0,11,4,15,2,9,1,6,7,14,7,1,13,2,8,3,10,6,12,14,15,4,9,5,0,11,14,4,7,3,15,10,0,9,1,2,12,11,6,8,13,5,9,1,2,8,4,3,14,11,15,0,10,7,6,13,12,5
S5=7,9,8,6,0,14,12,10,1,15,13,4,2,3,5,11,1,0,7,15,8,5,12,10,9,13,3,11,14,4,2,6,3,14,1,4,11,13,15,6,10,8,12,9,0,2,7,5,10,0,4,14,15,8,2,11,9,13,12,3,7,6,5,1
S6=7,6,4,12,2,13,11,15,0,3,5,9,1,14,10,8,6,9,4,3,2,12,14,0,7,13,5,15,10,8,1,11,3,15,4,14,6,9,8,7,12,10,11,1,0,13,2,5,0,1,13,8,4,10,9,15,12,6,14,2,11,5,3,7
S7=11,15,0,9,6,4,3,5,1,13,12,7,14,2,10,8,1,0,4,10,5,13,8,12,6,11,9,3,2,15,7,14,8,7,5,12,1,6,9,3,15,10,14,2,13,0,11,4,0,14,7,11,2,10,5,13,15,4,12,3,6,8,9,1
S8=13,5,0,3,1,2,9,7,4,8,6,11,12,10,14,15,4,8,9,13,2,6,12,0,11,10,15,14,5,7,3,1,3,10,5,8,15,7,11,6,13,14,0,2,9,12,1,4,13,10,3,12,7,11,2,14,9,0,8,5,4,6,1,15
V=2,2,2,2,1,2,2,2,2,1,2,2,1,2,2,1
PC1=14,25,30,47,19,22,28,17,1,2,27,38,18,26,12,44,11,59,31,52,42,58,20,36,43,55,39,45,49,63,29,37,5,35,4,34,9,46,6,41,50,51,10,54,3,33,21,13,15,23,53,7,61,62,57,60
PC2=16,8,43,28,23,45,22,41,15,39,44,24,36,6,17,34,53,31,18,12,21,26,1,25,20,30,19,47,55,2,13,35,49,27,32,14,11,9,50,52,3,51,37,38,40,29,54,46
