IP=5,42,19,33,27,7,13,45,62,6,39,2,44,37,4,21,11,10,64,58,29,49,59,1,18,3,53,60,47,30,8,48,55,57,28,51,52,46,54,24,35,41,61,36,40,23,63,31,38,15,32,34,9,43,56,14,50,26,12,22,17,25,20,16
E=18,28,16,26,22,28,5,12,10,21,13,29,30,24,11,14,1,11,10,25,20,8,2,12,9,17,5,7,23,16,7,18,9,31,27,3,20,19,4,3,32,8,17,6,30,15,29,14
P=30,9,14,5,25,23,26,10,28,15,20,21,6,12,24,19,11,4,22,3,8,17,29,13,32,18,31,16,1,2,7,27
S1=3,12,14,9,4,15,10,6,2,17,5,0,8,7,13,1,0,15,11,12,6,10,4,2,7,13,5,8,9,14,1,3,1,6,13,0,5,3,12,10,15,2,8,4,7,9,11,14,3,14,15,12,6,8,7,5,2,13,11,9,10,0,4,1
S2=7,10,2,15,12,11,9,4,14,0,3,13,5,8,1,6,7,9,10,2,14,5,12,13,8,3,6,1,4,15,11,0,12,6,14,10,11,3,8,4,15,2,9,5,1,7,13,0,1,14,2,5,11,4,12,6,9,3,8,13,15,7,10,0
S3=3,4,5,13,12,7,8,10,6,14,9,11,15,1,2,0,10,5,1,2,8,3,6,9,13,0,15,4,11,14,12,7,8,7,11,15,2,13,5,3,10,0,4,12,14,1,6,9,6,7,8,0,13,2,15,11,10,14,12,5,4,9,1,3
S4=5,14,15,9,1,7,4,13,12,8,2,6,0,11,10,3,2,6,3,5,10,0,7,15,11,8,12,1,9,13,14,4,13,12,10,14,11,0,1,8,4,3,9,7,2,6,15,5,3,7,8,6,11,0,4,2,1,15,13,5,10,12,14,9
S5=4,12,5,14,1,0,3,10,15,11,13,8,6,9,2,7,5,0,15,14,9,13,1,3,8,2,10,7,4,11,6,12,7,11,6,14,8,9,1,3,13,2,15,4,0,5,10,12,0,7,6,3,5,10,13,11,9,8,2,4,12,15,1,14
S6=1,2,5,6,0,12,3,15,7,9,4,11,8,10,14,13,8,1,3,6,0,10,5,2,11,4,12,13,14,15,9,7,10,13,0,1,8,3,6,9,11,7,14,12,2,5,15,4,1,4,10,7,3,9,6,5,2,8,12,14,15,0,13,11
S7=14,7,4,13,12,5,9,6,0,10,11,8,3,1,2,15,8,3,2,6,5,11,0,9,4,13,12,14,15,7,1,10,9,13,3,0,2,4,5,14,10,7,12,11,6,8,15,1,0,3,2,11,7,13,15,12,9,1,14,5,8,4,10,6
S8=5,4,7,11,10,6,8,15,13,12,1,14,2,0,3,9,1,5,3,15,2,7,4,12,6,0,11,9,13,8,14,10,12,0,6,5,11,15,10,13,8,9,4,14,7,2,1,3,4,0,7,8,6,9,13,5,3,1,12,14,10,2,15,11
V=1,1,2,2,2,2,1,2,2,2,1,2,2,2,2,2
PC1=12,58,60,14,52,42,26,9,36,17,44,49,21,39,47,23,62,25,22,7,53,11,46,61,18,63,20,51,50,13,10,59,35,43,28,4,30,41,45,55,38,33,54,37,27,29,57,34,3,15,1,31,6,2,5,19
PC2=52,47,24,46,9,43,8,12,32,28,11,39,27,40,26,53,22,41,7,38,10,17,4,33,23,50,54,15,20,18,48,19,45,1,36,6,13,31,3,49,21,34,5,30,37,29,56,16
