IP=56,38,45,57,33,24,7,16,29,4,64,13,26,28,8,49,10,9,2,22,18,55,59,21,42,6,1,51,61,32,62,60,15,43,5,63,47,39,52,44,46,54,40,41,50,30,17,12,27,20,48,11,35,25,37,58,53,23,31,36,34,14,19,3
E=22,28,31,15,22,18,12,14,21,30,25,13,29,24,23,8,9,9,14,2,18,5,19,3,5,17,27,11,16,15,1,12,29,32,20,8,31,3,1,4,13,19,27,26,7,10,6,32
P=3,25,19,21,5,27,26,18,11,10,4,32,15,28,9,20,16,23,7,17,13,29,31,22,8,24,2,12,6,14,30,1,19,21
S1=5,11,3,4,0,15,8,6,7,13,2,9,14,12,1,10,5,2,12,9,15,11,4,8,0,3,6,1,14,7,10,13,0,5,9,12,14,1,10,6,2,13,8,7,3,11,15,4,3,6,4,10,0,9,13,2,12,7,14,8,1,5,15,11
S2=0,5,2,11,8,3,1,15,12,6,4,7,13,14,9,10,1,0,6,15,4,7,11,2,9,8,12,3,13,5,10,14,8,0,14,6,12,13,9,15,4,10,11,1,7,2,3,5,10,15,4,1,8,9,6,13,12,14,5,2,11,7,3,0
S3=9,8,2,4,14,5,6,12,11,0,13,10,15,3,1,7,8,3,6,4,5,0,10,14,11,9,15,7,13,1,2,12,14,4,3,10,7,9,12,2,11,6,8,13,0,15,5,1,7,0,9,14,3,10,2,8,4,13,15,11,1,12,5,6
S4=3,14,2,0,10,13,6,12,7,11,15,8,9,5,1,4,0,4,12,3,9,6,1,5,2,14,15,7,11,13,10,8,14,2,12,3,7,0,11,1,8,6,10,5,13,4,9,15,0,6,13,15,4,2,11,10,3,8,9,7,1,5,12,14
S5=6,3,13,2,8,11,14,9,10,4,5,0,15,12,1,7,1,2,14,8,5,12,11,0,4,9,6,3,7,13,15,10,5,4,1,10,7,6,9,11,3,13,15,12,14,8,0,2,3,15,10,1,2,0,13,4,12,14,5,7,6,9,8,11
S6=11,12,3,7,1,5,0,4,8,6,2,9,14,10,15,13,9,10,15,12,6,14,11,13,0,7,5,3,4,8,2,1,9,14,7,11,0,5,8,3,10,1,15,2,12,6,13,4,15,14,1,10,2,12,9,0,7,11,6,8,13,3,5,4
S7=11,2,5,13,9,3,1,10,4,8,7,6,15,14,12,0,9,0,13,1,10,5,8,3,15,11,14,12,2,4,6,7,7,3,5,12,0,8,10,13,6,14,1,4,11,15,2,9,7,3,14,10,11,15,8,6,2,1,5,9,13,12,0,4
S8=2,12,0,6,5,15,8,11,10,13,7,3,14,9,4,1,8,10,14,1,11,6,4,15,13,9,7,5,2,12,3,0,2,4,15,12,6,7,13,11,9,10,3,5,14,1,0,8,4,15,3,13,2,9,8,10,7,6,11,5,12,1,0,14
V=2,2,2,2,1,1,2,2,2,2,2,1,2,1,2,2
PC1=34,25,27,13,49,2,62,1,41,9,28,42,18,31,44,53,20,47,39,6,22,12,51,60,17,21,7,19,63,50,37,45,4,36,59,10,5,35,29,58,43,46,11,15,57,52,14,30,54,23,26,55,61,38,33,3
PC2=26,21,7,5,19,12,38,30,1,2,3,31,51,20,28,43,37,6,42,56,22,14,52,25,55,11,39,53,15,16,23,46,17,48,36,41,47,35,27,32,45,24,34,18,44,33,4,13
