IP=32,22,47,40,5,28,30,45,51,19,15,9,34,18,42,49,46,7,52,60,6,21,59,4,35,48,54,1,31,58,41,16,62,39,44,2,8,11,14,27,64,61,37,56,38,50,33,23,29,20,57,10,36,53,63,24,17,25,13,43,26,55,3,12
E=16,7,30,10,28,19,29,23,11,16,9,11,27,8,14,22,12,3,30,24,26,21,13,12,14,32,1,31,17,21,2,15,20,3,2,23,13,25,18,27,4,20,15,6,5,19,29,16
P=29,9,30,14,5,19,26,18,15,7,25,4,12,27,20,28,16,3,22,10,24,8,17,13,1,6,21,23,31,2,32,11
S1=13,10,2,14,12,9,8,4,5,7,6,0,15,1,11,3,11,8,14,3,13,10,2,6,0,4,9,15,12,7,5,1,2,11,8,14,0,15,9,10,13,7,1,3,5,4,6,12,0,14,15,8,12,9,2,11,4,3,6,7,13,1,10,5
S2=15,7,1,9,6,13,11,10,0,12,5,2,8,3,4,14,1,9,14,6,15,0,8,13,12,7,5,2,11,3,10,4,5,0,12,9,14,7,10,11,4,8,2,3,1,13,6,15,7,2,11,5,13,15,4,1,10,12,6,0,8,14,3,9
S3=2,8,11,5,9,10,4,14,12,7,0,13,3,15,1,6,13,12,8,2,5,3,0,14,4,15,7,1,11,9,6,10,7,2,10,0,1,11,4,3,12,5,9,13,6,8,14,15,13,15,10,11,5,9,2,3,14,8,1,4,7,12,0,6
S4=6,4,13,5,0,8,1,15,7,10,2,14,9,3,12,11,10,1,7,5,8,2,9,15,14,0,4,12,6,13,11,3,0,9,5,7,8,13,11,12,10,2,1,3,15,4,6,14,13,4,3,5,10,14,11,8,6,7,0,1,9,15,12,2
S5=10,4,0,6,5,15,7,8,11,2,14,13,9,12,1,3,11,3,6,12,5,15,0,14,7,8,2,9,10,13,4,1,4,6,12,5,11,7,3,10,1,14,9,13,15,0,8,2,8,1,14,13,11,4,2,7,3,9,6,15,5,10,12,0
S6=4,0,3,9,10,7,5,15,2,12,8,14,6,1,13,11,0,7,10,8,12,1,13,4,6,14,2,15,9,3,11,5,15,6,10,8,0,13,5,9,7,2,11,14,1,12,4,3,14,6,8,10,1,5,11,13,7,3,0,12,15,4,9,2
S7=2,3,10,0,14,15,11,1,5,6,9,4,13,7,8,12,3,13,4,10,14,6,9,8,12,0,15,2,1,5,7,11,9,3,5,6,11,0,15,14,8,13,7,4,2,10,12,1,14,6,11,9,10,2,8,13,4,3,7,0,12,5,15,1
S8=5,10,8,11,1,7,3,9,0,13,14,15,6,12,4,2,13,10,4,6,9,7,2,11,3,15,5,0,14,8,12,1,3,12,6,10,8,14,11,0,5,1,4,7,2,15,9,13,2,4,5,10,0,15,12,7,11,13,6,1,9,3,8,14
V=2,1,2,2,1,1,2,2,2,2,2,2,2,1,2,2
PC1=7,5,11,59,20,39,37,27,21,28,13,2,22,45,52,34,42,19,33,30,58,51,50,10,53,47,41,57,36,29,43,61,12,18,31,63,23,6,54,14,25,44,62,15,35,60,9,46,17,26,38,1,4,3,55,49
PC2=21,39,26,10,33,50,8,38,5,7,15,13,30,46,27,14,56,41,17,36,55,52,22,29,31,2,37,32,47,9,35,49,28,34,44,40,23,20,24,16,1,53,18,54,6,25,4,45
