IP=4,13,26,11,18,64,48,16,32,57,7,60,22,5,61,25,50,39,20,40,44,37,12,45,59,28,27,33,54,10,58,31,46,9,6,42,19,56,24,1,52,38,14,51,3,53,47,62,43,17,63,21,36,41,15,35,30,29,49,23,2,34,8
E=3,9,13,27,10,14,10,7,19,4,1,24,22,30,14,25,22,19,11,5,18,29,11,6,15,31,17,2,28,32,21,6,23,32,12,18,30,8,3,15,21,27,26,16,20,26,24,28
P=27,30,4,28,12,31,23,17,15,11,26,3,20,13,22,6,2,25,1,9,14,16,29,5,8,21,19,18,32,24,10,7
S1=12,9,7,10,15,1,3,4,0,11,8,2,14,5,13,6,7,0,9,13,10,2,5,6,8,14,3,1,15,12,4,11,15,2,11,9,7,14,10,5,8,6,0,3,12,13,1,4,10,12,4,7,5,13,2,15,9,1,6,8,3,14,0,11
S2=6,15,3,0,7,10,8,1,11,4,14,5,13,12,9,2,14,7,2,9,10,1,8,5,6,4,12,15,3,0,11,13,7,12,2,10,13,0,8,9,14,15,3,5,6,1,4,11,4,2,0,9,7,12,15,11,10,1,3,14,6,13,5,8
S3=3,1,11,2,5,15,8,6,13,7,4,10,0,14,9,12,7,4,13,12,1,3,6,9,2,14,0,10,8,15,11,5,3,13,10,6,0,7,2,8,12,1,15,9,5,14,4,11,6,8,4,11,0,3,13,15,12,1,2,5,7,14,9,10
S4=5,1,6,4,12,9,14,0,10,8,15,7,11,3,2,13,4,9,10,3,2,15,7,14,6,0,11,5,8,12,13,1,4,15,11,1,10,2,7,12,3,13,6,5,0,9,8,14,6,11,5,0,10,13,7,12,4,1,3,9,15,14,8,2
S5=13,12,2,9,6,5,10,11,15,7,8,14,3,1,0,4,2,10,3,15,6,11,0,7,14,12,1,13,5,8,4,9,15,13,10,9,11,6,1,8,0,2,12,5,3,7,4,14,7,11,3,1,9,0,12,8,14,13,10,5,15,6,4,2
S6=9,10,12,6,8,3,4,14,2,7,1,0,5,13,11,15,12,4,7,10,0,11,9,14,15,6,5,1,3,13,8,2,5,1,2,13,11,7,15,6,14,9,8,0,4,3,12,10,7,12,13,15,9,10,1,8,4,5,3,0,11,2,6,14
S7=10,3,13,15,0,4,7,8,14,5,9,12,11,6,2,1,7,13,9,4,8,12,14,11,1,2,0,5,6,10,15,3,11,13,0,8,7,2,5,10,12,9,14,15,3,1,4,6,3,2,15,5,10,0,11,6,8,14,12,9,7,1,13,4
S8=10,4,3,6,1,15,0,12,9,13,2,14,7,5,11,8,0,2,7,11,4,12,9,15,10,1,6,3,8,14,13,5,2,5,14,1,8,11,7,12,10,3,0,15,13,4,9,6,0,4,1,8,5,10,2,3,9,7,6,12,14,15,11,13
V=2,2,2,1,2,1,2,2,1,2,2,2,1,2,2,2
PC1=20,59,44,29,21,7,17,62,43,61,51,30,1,18,9,28,41,12,58,23,14,5,57,15,52,3,11,45,31,53,47,54,50,39,13,26,19,34,49,6,36,25,33,2,10,35,60,22,63,55,38,27,4,46,37,42
PC2=45,12,43,31,46,28,7,34,29,42,19,27,16,49,4,22,51,1,3,25,11,53,17,24,38,8,55,2,41,5,9,54,39,23,33,50,20,48,15,18,52,26,13,56,36,37,21,32
