IP=33,8,24,6,20,35,2,42,18,39,46,32,15,55,22,64,4,29,11,13,9,49,17,3,59,28,45,51,56,60,43,38,16,47,36,48,19,63,27,61,5,10,37,31,53,40,26,7,21,30,41,12,54,25,50,44,23,58,52,57,14,1,34,62
E=9,8,7,22,6,5,13,10,26,15,9,20,6,13,24,21,14,22,12,28,18,12,2,24,7,16,25,4,23,21,3,31,19,1,30,2,30,11,5,27,20,27,25,3,29,32,17,29
P=29,3,32,15,21,24,11,4,31,13,2,8,19,27,1,16,18,25,6,14,20,23,17,26,12,22,10,28,7,9,30,5
S1=11,8,6,7,0,2,13,5,9,10,15,12,14,4,3,1,8,6,0,15,1,5,12,10,4,11,3,14,7,13,9,2,1,5,6,2,8,9,4,11,14,7,13,3,15,0,12,10,5,13,10,2,6,11,7,9,1,15,8,3,12,4,14,0
S2=11,7,5,8,3,14,12,2,10,13,15,1,0,6,4,9,3,12,8,6,15,11,1,0,2,10,7,13,5,4,9,14,9,3,6,0,5,2,14,7,15,12,11,13,1,10,8,4,1,9,2,11,13,6,0,7,15,4,14,8,3,5,10,12
S3=0,7,2,3,4,10,6,9,15,8,5,11,12,13,14,1,8,12,14,10,9,15,6,0,7,1,5,4,2,3,13,11,3,0,8,12,5,7,1,11,2,15,14,6,10,9,4,13,11,0,1,6,2,9,3,13,15,4,10,5,14,8,12,7
S4=8,5,4,11,1,3,14,0,7,9,12,6,13,10,2,15,0,5,13,15,11,6,8,10,1,14,2,4,7,12,9,3,8,0,1,3,5,14,13,9,11,7,12,10,2,6,15,4,14,1,4,8,9,6,2,10,0,5,11,15,13,12,7,3
S5=14,2,11,0,3,5,8,4,10,7,9,15,13,6,12,1,3,6,9,5,4,10,13,1,0,12,11,15,7,2,8,14,9,12,15,8,3,4,2,11,1,14,0,10,6,5,7,13,14,4,6,8,13,2,10,0,5,12,11,9,7,3,15,1
S6=9,7,3,5,15,13,8,1,2,14,0,11,6,10,12,4,11,9,7,13,10,0,1,3,12,14,5,8,6,2,15,4,11,5,3,10,6,14,8,1,2,0,12,4,13,9,7,15,10,2,1,12,9,11,4,0,6,8,15,7,13,5,14,3
S7=4,0,3,8,5,15,14,9,12,6,10,7,11,1,13,2,9,14,7,13,3,0,5,1,10,4,11,2,6,12,15,8,5,4,10,0,2,12,6,15,8,7,14,3,13,1,11,9,10,1,6,3,5,0,4,2,11,8,15,12,9,13,14,7
S8=13,9,6,1,0,12,3,8,10,15,14,7,11,5,2,4,10,12,5,4,14,0,8,15,6,11,3,1,9,7,2,13,12,13,6,7,5,3,4,1,10,14,2,15,11,0,8,9,3,2,5,15,6,7,9,0,13,10,11,1,14,4,12,8
V=2,1,2,2,1,2,1,2,2,2,2,1,2,2,2,2
PC1=14,19,15,10,21,31,52,44,43,61,26,9,49,38,63,22,5,51,50,60,34,55,12,18,42,23,30,36,46,13,4,62,25,27,58,17,2,45,47,29,7,3,33,39,28,11,41,59,6,35,1,54,37,53,57,20
PC2=10,9,53,4,36,15,42,24,25,18,5,30,11,2,37,33,17,26,21,40,39,7,41,46,6,8,29,52,13,43,23,38,34,27,50,20,35,3,44,12,56,22,31,16,49,54,19,28
