IP=25,5,3,22,53,61,14,28,55,31,8,27,47,24,35,63,57,15,11,60,46,39,7,32,18,40,59,17,21,4,64,56,12,41,52,50,6,58,43,45,37,2,62,9,29,33,54,26,42,20,51,13,48,10,1,16,30,49,34,19,38,36,23,44
E=1,8,22,26,25,9,13,20,29,5,18,5,21,17,12,9,11,23,16,15,21,13,28,22,2,14,6,23,32,11,31,24,2,19,3,26,14,10,27,16,4,24,15,30,1,7,31,18
P=6,3,19,32,13,27,17,29,11,14,5,18,31,30,25,1,23,10,16,2,26,20,9,8,24,7,12,21,22,15,28,4
S1=7,14,3,10,5,11,8,9,13,0,15,6,4,1,12,2,5,0,13,1,8,7,9,3,11,12,10,14,6,2,4,15,4,1,2,6,13,11,7,8,12,5,15,9,14,10,0,3,7,13,8,14,5,2,0,3,4,11,9,12,1,6,10,15
S2=12,0,13,3,4,2,7,5,10,15,6,14,1,8,9,11,2,3,1,14,5,12,8,4,0,10,13,6,15,9,7,11,11,2,0,7,10,1,5,14,13,4,6,12,15,3,8,9,10,3,13,4,0,14,2,7,8,6,11,12,9,15,5,1
S3=10,3,13,14,5,4,15,12,6,9,1,0,8,2,7,11,2,12,4,0,14,15,7,13,5,3,9,11,1,10,6,8,5,11,9,0,6,1,10,3,2,13,15,12,8,4,7,14,8,15,3,7,9,0,1,6,10,4,12,14,2,11,5,13
S4=2,15,1,5,0,7,10,11,14,6,4,9,3,12,8,13,1,14,3,4,8,10,0,2,11,7,12,15,13,5,6,9,14,12,6,10,1,3,5,8,7,11,9,15,13,2,0,4,8,2,3,4,14,1,12,11,10,5,15,7,9,0,13,6
S5=11,9,8,12,1,7,0,10,14,3,5,4,13,6,2,15,3,4,13,12,7,11,5,1,10,9,2,8,14,15,6,0,0,5,15,8,12,13,1,14,2,7,6,11,10,4,3,9,4,0,7,10,5,2,8,3,14,1,11,6,9,12,15,13
S6=5,1,11,13,12,15,8,9,6,7,10,2,4,14,3,0,3,7,2,14,4,0,11,6,13,9,10,12,8,5,15,1,14,3,10,7,8,9,6,11,12,4,13,1,0,15,5,2,2,9,13,11,3,1,10,0,15,12,14,8,5,4,7,6
S7=10,15,11,13,1,5,4,6,0,12,2,8,3,14,9,7,1,5,14,3,12,6,4,10,2,11,15,9,7,0,8,13,0,6,9,8,5,4,12,14,2,10,15,13,7,3,1,11,14,5,6,10,7,4,9,3,11,13,12,15,8,0,1,2
S8=4,3,13,6,15,11,14,1,10,8,9,12,2,5,0,7,3,15,0,4,12,2,9,7,10,5,11,13,8,14,1,6,3,4,14,1,7,0,9,6,8,13,2,15,12,10,11,5,13,15,3,5,0,7,8,4,12,10,1,14,9,6,11,2
V=1,2,1,2,1,2,2,1,2,2,2,2,2,2,2,2
PC1=4,13,18,60,7,23,2,55,35,15,34,3,1,57,21,22,63,42,29,53,31,62,17,26,12,33,41,11,19,52,36,30,37,45,6,25,27,5,10,49,46,14,28,39,50,47,61,20,43,38,58,59,51,9,44,54
PC2=18,20,32,51,27,7,19,6,37,12,43,26,35,5,48,53,2,1,46,55,41,45,54,28,14,44,13,39,8,30,42,56,21,49,47,38,3,10,31,4,33,24,17,23,11,52,22,16
