IP=39,10,35,21,5,23,11,50,24,28,9,26,61,53,55,36,17,14,33,8,27,32,3,64,48,59,41,7,29,45,49,51,58,62,31,4,34,20,44,22,47,6,18,54,16,56,12,40,15,57,52,38,37,25,60,1,63,19,42,30,46,13,2,43
E=31,20,2,26,15,21,12,4,10,25,11,7,25,22,8,19,32,16,6,28,6,14,18,22,15,17,24,21,12,11,27,27,29,13,7,14,4,9,16,30,3,29,10,5,1,23,31,30
P=14,7,8,26,19,16,30,28,11,5,10,23,20,18,22,21,4,25,27,17,9,24,32,2,29,31,3,1,6,12,15,13
S1=0,9,5,1,3,10,12,11,2,4,6,13,14,15,7,8,0,3,9,10,14,2,6,1,5,7,12,11,4,13,15,8,1,2,0,11,8,6,5,12,14,7,15,4,13,3,9,10,1,6,5,7,14,8,3,12,9,10,0,2,4,13,11,15
S2=0,8,12,9,6,11,7,15,10,2,4,14,3,13,1,5,15,14,9,5,11,1,0,10,7,2,13,12,8,6,3,4,11,5,9,8,6,12,1,7,15,10,14,4,13,3,0,2,8,0,6,1,3,11,7,15,4,10,14,9,2,13,12,5
S3=7,4,1,3,14,9,15,10,2,13,8,0,5,12,6,11,12,6,7,3,5,10,4,9,13,1,11,0,14,15,2,8,7,5,3,14,0,15,12,8,11,13,2,6,9,4,1,10,10,4,5,8,14,12,3,7,9,6,2,11,13,1,15,0
S4=15,0,10,13,6,7,14,3,1,9,2,4,12,5,11,8,4,7,6,15,3,14,0,2,11,9,12,10,1,8,13,5,9,6,12,7,13,14,10,8,1,3,2,5,4,0,11,15,6,4,8,1,9,5,7,2,10,14,11,0,12,13,15,3
S5=13,11,10,6,3,2,15,5,8,9,4,14,1,7,0,12,10,0,15,6,13,14,2,8,1,5,11,3,7,4,12,9,1,3,14,8,15,7,2,12,6,9,11,5,0,4,13,10,6,14,7,2,5,10,8,13,9,3,11,1,15,0,12,4
S6=11,1,13,5,0,3,15,6,9,12,4,2,8,10,7,14,15,2,8,9,10,5,1,6,12,4,7,11,3,14,13,0,6,7,10,11,0,5,1,2,8,9,13,14,4,12,15,3,15,1,3,7,14,13,4,5,8,6,10,12,0,9,2,11
S7=8,12,11,6,10,9,4,14,1,5,7,13,3,2,15,0,0,5,2,8,7,11,3,4,6,9,12,15,14,13,10,1,3,11,1,8,15,0,14,10,7,13,5,4,6,2,9,12,12,1,13,14,5,6,15,8,9,0,2,4,3,10,7,11
S8=9,3,7,10,6,4,8,15,13,1,5,14,2,11,0,12,2,15,12,10,9,1,0,13,6,3,5,7,14,11,4,8,0,10,6,3,14,15,4,8,13,1,7,12,9,11,2,5,5,3,8,14,1,7,15,2,6,10,4,13,11,9,0,12
V=1,1,2,2,2,2,2,2,2,2,1,2,1,2,2,2
PC1=26,55,6,21,34,19,1,15,28,38,35,39,17,37,52,36,22,18,9,44,54,45,23,42,49,2,63,50,33,11,30,46,7,41,57,13,58,47,20,29,61,53,10,31,14,12,3,5,4,59,27,60,62,51,25,43
PC2=22,34,48,5,51,6,40,31,33,11,35,30,4,32,39,27,54,53,2,26,25,49,50,38,41,46,3,37,18,43,45,44,23,28,9,1,55,36,8,20,7,21,19,52,15,14,29,10
