IP=3,41,37,10,51,55,60,7,46,56,49,6,14,35,63,57,26,18,42,22,23,32,29,62,2,25,34,33,58,64,15,38,44,5,52,8,39,11,45,9,47,20,24,53,50,4,30,31,16,54,13,59,21,40,61,12,17,43,48,28,19,1,36,27
E=31,8,2,22,31,2,6,25,6,27,1,8,17,11,19,28,18,7,29,3,26,5,24,18,9,23,9,14,20,27,3,29,16,13,30,5,4,12,17,32,4,24,25,7,15,21,10,23
P=8,18,16,5,15,7,1,12,20,10,23,31,6,25,19,11,21,4,9,27,28,17,30,29,32,26,13,3,22,14,24,2
S1=9,6,2,10,3,15,1,8,7,13,11,14,12,0,4,5,0,8,15,7,1,6,2,3,9,4,11,14,12,13,5,10,1,3,0,13,10,11,7,8,12,15,14,6,2,4,5,9,9,1,14,8,0,6,15,11,7,13,2,3,12,4,5,10
S2=6,15,8,2,0,11,13,7,9,4,3,14,10,12,1,5,9,8,2,10,6,3,7,11,0,12,4,13,15,5,1,14,6,1,4,7,9,11,0,14,12,8,5,10,2,15,3,13,13,14,5,1,3,12,4,0,8,6,7,2,15,10,9,11
S3=7,2,14,6,0,9,3,10,5,11,15,13,4,12,8,1,8,4,11,15,10,12,2,5,7,3,0,14,1,9,13,6,13,5,3,10,6,8,9,14,11,1,0,4,7,15,2,12,2,0,12,10,8,3,9,11,1,15,4,13,7,14,5,6
S4=12,3,5,9,1,10,14,11,15,13,4,8,2,7,6,0,12,2,15,0,6,8,10,7,13,1,11,9,3,14,5,4,2,15,7,3,4,5,10,8,13,12,11,0,6,14,9,1,7,15,11,1,3,8,4,2,12,13,14,9,5,0,10,6
S5=5,2,7,0,12,1,13,6,10,14,3,11,4,9,15,8,4,8,12,0,9,11,2,6,5,3,7,15,10,14,13,1,4,0,10,5,8,1,14,6,12,15,7,2,13,3,9,11,0,1,12,6,11,15,10,7,9,2,8,5,3,14,13,4
S6=0,12,5,8,4,13,2,9,1,7,11,3,15,14,6,10,1,6,11,10,5,2,9,15,13,7,12,0,3,8,4,14,0,13,4,7,1,3,11,15,5,9,6,14,2,12,10,8,5,6,3,1,11,2,15,14,9,7,4,13,10,12,0,8
S7=15,3,1,13,6,11,5,10,8,2,4,0,12,14,9,7,11,2,8,14,1,9,3,12,13,7,0,5,15,4,10,6,8,6,13,7,14,12,4,1,9,15,3,0,10,2,5,11,15,2,1,6,5,3,4,0,7,13,8,12,14,10,9,11
S8=6,3,7,2,4,9,8,0,5,13,15,14,10,1,12,11,4,5,6,15,8,14,0,7,1,11,2,13,3,12,9,10,12,8,13,1,9,11,7,15,2,14,4,0,3,6,10,5,2,13,10,9,0,5,15,7,11,6,4,3,14,8,1,12
V=2,2,2,2,2,1,2,1,2,1,2,2,2,2,1,2
PC1=2,42,57,15,61,38,37,7,34,55,20,31,43,28,1,25,6,27,9,36,10,11,30,23,63,62,54,58,12,44,46,50,41,60,17,14,5,52,13,53,45,4,47,22,3,21,59,19,29,35,33,39,49,51,26,18
PC2=2,11,53,6,52,18,54,16,26,47,17,43,13,24,51,19,1,10,30,41,39,3,28,48,37,31,29,15,42,38,7,23,49,56,35,14,34,9,45,40,36,46,4,21,44,8,5,20
