IP=44,26,55,37,6,39,12,58,24,29,10,27,38,21,61,19,50,15,33,59,7,35,4,34,64,30,36,32,1,9,45,56,18,28,40,31,43,14,22,49,42,63,23,5,48,13,51,47,17,62,57,20,11,3,53,46,54,25,2,16,8,60,52,41
E=23,3,7,6,9,15,2,17,24,15,19,20,12,1,2,10,26,4,16,5,4,18,27,27,7,8,21,28,31,26,8,25,20,30,13,18,19,14,32,11,12,25,11,16,23,29,22,9
P=22,15,11,7,16,9,2,28,4,6,1,14,26,3,18,25,10,23,8,19,12,30,27,31,20,32,24,21,5,29,13,17
S1=8,14,13,7,9,12,2,3,10,5,15,1,11,4,0,6,3,7,9,4,11,6,1,5,0,13,14,12,15,2,8,10,6,1,9,4,5,12,15,14,10,2,11,13,0,8,7,3,5,3,9,7,14,6,10,11,8,13,15,1,2,4,0,12
S2=15,4,9,3,0,12,8,5,6,11,7,1,14,13,10,2,0,9,6,5,1,14,12,10,13,4,8,15,3,2,7,11,14,4,8,5,3,13,12,11,6,15,7,2,9,1,10,0,8,0,14,3,10,5,15,7,2,12,9,13,6,11,4,1
S3=8,5,15,3,7,14,13,6,10,9,11,12,1,0,2,4,4,12,15,2,10,3,7,13,14,0,9,5,1,11,6,8,10,6,5,14,8,1,15,9,0,12,3,7,2,13,4,11,14,2,1,13,7,5,3,6,9,11,4,12,0,15,8,10
S4=1,3,2,9,4,0,10,5,11,15,13,14,6,7,12,8,7,9,14,11,8,0,15,5,13,3,12,6,2,4,10,1,0,1,11,10,5,9,13,8,3,15,12,14,6,2,4,7,4,12,8,14,9,6,15,0,5,7,3,13,11,10,2,1
S5=10,15,1,3,7,14,2,0,6,13,5,11,9,8,4,12,15,0,12,2,13,6,9,4,3,11,1,8,14,7,10,5,0,8,1,5,12,6,14,10,2,4,7,3,11,15,13,9,0,6,4,9,1,7,2,13,15,11,10,12,3,8,5,14
S6=2,7,14,8,10,1,13,11,15,6,12,9,3,5,0,4,1,13,7,10,9,12,11,2,15,0,8,6,14,3,4,5,10,5,11,14,12,13,7,1,4,9,8,3,15,6,2,0,11,1,5,10,3,4,13,2,7,9,0,6,15,8,12,14
S7=2,0,10,13,1,4,6,7,8,9,3,12,5,11,15,14,6,8,2,14,1,0,10,4,5,3,11,9,7,15,12,13,1,3,12,6,4,11,10,7,13,5,2,15,14,0,8,9,15,0,6,5,13,7,11,8,10,9,3,12,14,1,4,2
S8=11,8,5,10,7,6,13,14,2,3,12,9,15,4,1,0,2,13,6,7,3,14,4,8,12,5,1,9,10,15,11,0,1,3,13,10,12,6,15,14,5,7,2,4,11,0,9,8,5,9,3,1,15,6,2,8,10,13,7,4,11,14,12,0
V=2,2,2,1,2,2,2,1,2,1,2,2,2,2,2,1
PC1=33,28,29,34,55,26,7,30,47,51,41,4,42,15,52,27,54,50,6,11,46,39,35,2,31,19,21,13,20,38,1,25,59,14,63,43,17,49,57,53,5,61,23,18,22,37,12,10,62,9,36,45,58,3,44,60
PC2=7,48,17,33,23,9,41,13,8,49,42,50,3,34,20,21,26,40,35,46,4,56,25,29,53,10,45,31,30,27,55,37,12,32,39,38,43,28,11,1,44,16,22,18,2,19,15,47
