IP=38,61,6,31,2,64,62,39,9,56,1,57,28,26,59,3,15,12,30,11,27,22,47,45,46,34,35,49,55,63,7,50,43,36,54,33,37,16,4,20,58,8,40,10,25,42,51,5,24,13,53,14,32,44,52,17,41,60,19,18,48,21,23,29
E=17,21,11,3,2,30,11,14,9,16,8,25,4,10,4,15,12,13,18,27,19,18,1,28,26,6,7,17,5,5,9,20,32,24,31,1,24,25,30,26,28,2,19,23,22,29,13,31
P=22,18,5,29,9,16,2,15,12,25,3,20,6,7,23,19,32,26,28,10,1,4,13,30,17,27,8,14,24,11,21,31
S1=10,2,0,6,13,11,9,14,8,4,1,15,7,12,3,5,10,9,12,3,7,13,6,2,5,1,14,0,4,8,11,15,5,13,3,6,15,10,11,7,14,12,2,4,8,0,1,9,12,7,13,6,10,1,0,8,2,11,4,9,3,5,14,15
S2=14,3,9,8,12,7,5,10,4,2,6,15,1,13,11,0,15,11,0,7,1,3,14,5,2,10,4,8,9,12,13,6,3,11,4,12,8,10,13,15,14,1,9,0,6,7,2,5,11,1,3,13,7,8,15,5,9,0,12,4,10,6,14,2
S3=8,14,15,9,7,4,5,11,10,3,2,13,6,1,12,0,12,15,14,9,13,10,6,4,5,11,2,1,0,8,3,7,2,8,11,6,3,4,1,9,0,7,5,13,12,10,15,14,5,12,1,9,7,4,14,8,6,15,2,10,3,13,0,11
S4=2,14,1,13,6,7,4,0,11,12,5,9,8,15,10,3,9,2,4,15,14,1,0,3,7,12,10,5,11,13,6,8,15,10,5,13,7,1,9,14,0,2,4,12,6,11,8,3,6,10,1,11,5,15,0,4,13,3,7,2,14,12,9,8
S5=6,5,12,7,8,14,10,2,3,15,4,9,13,0,11,1,10,9,15,5,7,6,3,14,13,8,1,12,4,2,0,11,15,3,2,9,8,4,6,13,10,11,0,7,1,5,14,12,4,3,12,9,1,6,7,0,14,8,13,10,2,15,11,5
S6=8,7,9,15,10,0,5,2,3,14,13,1,4,12,11,6,1,0,14,5,15,12,8,10,6,11,9,3,4,2,7,13,8,12,6,5,0,13,4,2,7,14,11,9,3,15,1,10,3,6,1,8,2,4,0,5,12,11,13,10,14,15,7,9
S7=6,4,14,15,11,13,7,0,9,8,5,10,2,1,3,12,1,3,11,14,9,4,0,8,10,7,2,12,13,6,15,5,8,0,15,4,13,6,3,7,9,14,12,11,5,1,10,2,2,5,15,12,1,7,8,13,4,0,14,9,10,3,6,11
S8=6,1,7,14,13,4,5,3,12,9,15,10,2,8,11,0,4,3,9,12,6,8,13,10,14,11,15,0,1,7,5,2,14,12,4,10,8,11,9,6,7,1,5,13,0,15,2,3,9,4,13,0,11,7,3,1,12,15,2,8,5,6,10,14
V=2,2,2,2,2,2,2,2,1,2,2,1,2,1,1,2
PC1=15,39,26,3,25,29,19,44,27,45,4,30,2,35,33,42,34,49,23,57,31,12,55,7,63,54,62,47,21,22,17,58,50,53,36,18,51,13,11,59,37,52,41,10,46,5,28,43,61,20,14,60,9,6,1,38
PC2=6,27,14,50,2,5,21,36,51,8,33,15,23,4,7,31,56,25,16,48,18,26,22,10,45,42,34,39,44,19,3,47,52,9,46,32,49,35,38,11,17,53,24,54,28,13,30,29
