IP=11,53,37,18,55,38,42,49,7,61,44,43,56,19,23,35,13,33,12,60,58,21,1,4,3,15,34,5,17,2,16,22,40,48,31,9,46,54,41,39,26,25,20,6,63,30,32,28,47,52,57,14,24,36,50,45,64,62,10,8,59,29,51,27
E=6,26,8,22,6,23,12,7,4,21,32,13,8,24,31,1,3,27,19,18,10,12,5,16,21,28,15,25,20,18,14,23,17,11,27,7,22,14,13,30,16,4,9,29,9,19,2,29
P=31,13,22,11,20,30,16,4,2,5,28,27,23,18,7,32,3,12,1,25,6,24,17,29,9,14,19,26,10,15,21,8
S1=14,9,7,12,5,11,3,0,15,6,4,8,1,10,2,13,6,9,7,13,8,4,2,11,0,5,3,1,15,14,12,10,1,8,15,6,11,10,7,14,5,12,13,0,9,3,4,2,6,9,10,3,8,5,7,2,11,12,0,15,1,13,14,4
S2=2,4,6,7,13,1,12,9,3,11,15,10,14,0,5,8,3,6,12,13,5,7,0,8,10,14,9,4,15,11,1,2,0,3,7,13,5,10,11,15,4,6,12,14,8,9,1,2,5,3,4,15,11,6,2,9,13,10,1,0,12,14,7,8
S3=15,8,13,5,12,4,11,10,0,7,3,2,9,1,6,14,4,2,3,15,0,8,10,1,14,7,13,12,11,5,6,9,6,3,9,8,12,11,10,15,4,0,13,7,14,2,5,1,2,14,13,5,3,8,9,12,10,7,11,6,0,4,15,1
S4=14,4,2,8,3,12,1,0,5,9,10,15,7,13,11,6,12,8,5,1,10,9,3,11,15,13,7,6,2,0,14,4,3,2,11,13,15,10,12,6,5,1,7,8,9,0,14,4,9,12,4,7,0,14,3,1,15,5,10,6,13,8,2,11
S5=8,1,13,10,2,6,9,7,0,12,3,5,15,14,4,11,13,3,11,5,10,14,2,4,15,7,8,12,9,1,0,6,13,8,14,0,5,7,9,12,10,11,3,2,4,1,15,6,2,8,10,15,5,3,11,13,14,6,1,4,7,12,9,0
S6=1,3,8,5,12,7,10,4,15,6,11,9,13,2,14,0,1,12,10,6,4,14,11,8,15,3,2,7,5,13,0,9,15,9,0,8,4,10,13,5,2,14,1,11,6,12,7,3,2,0,13,6,7,8,5,3,10,9,12,15,1,4,14,11
S7=12,11,10,15,13,0,4,2,7,6,3,14,8,9,1,5,0,4,6,2,1,3,5,15,9,7,11,13,14,12,8,10,11,2,5,8,10,3,7,14,0,12,13,4,15,6,9,1,6,1,3,5,13,2,14,15,0,11,12,4,7,8,10,9
S8=6,4,2,7,12,13,5,10,1,9,14,11,15,0,8,3,3,8,4,13,9,0,1,10,14,2,5,11,12,6,15,7,12,1,13,4,14,9,2,8,11,0,3,6,15,10,5,7,8,2,1,6,12,7,5,10,13,3,11,9,4,15,14,0
V=1,2,2,2,2,2,2,1,2,1,2,2,2,2,1,2
PC1=11,45,23,33,57,26,36,42,34,17,15,54,51,22,58,9,55,12,3,25,46,43,59,4,37,18,63,29,14,5,30,21,53,35,13,38,49,47,2,1,19,39,20,31,6,7,62,61,41,28,27,52,10,60,44,50
PC2=38,21,33,24,41,28,35,11,45,56,34,47,3,36,42,54,31,39,44,29,1,27,9,12,55,2,19,20,13,46,4,32,18,22,23,14,10,37,16,15,50,17,8,53,25,49,7,6
