IP=5,52,50,33,37,11,43,23,53,30,49,59,46,32,51,17,3,40,1,35,4,24,10,36,44,28,14,22,41,58,21,38,15,54,31,29,13,39,25,60,20,45,2,18,16,47,42,12,56,9,64,55,8,26,19,34,57,27,62,61,63,7,6,48
E=13,2,5,24,3,7,5,21,14,4,22,9,16,11,29,7,25,30,8,13,20,12,6,19,10,30,19,31,10,22,21,32,8,16,18,15,4,17,28,23,27,20,1,15,26,1,9,29
P=26,8,19,7,13,16,9,14,27,30,32,2,15,23,4,28,25,12,17,6,29,1,22,5,21,20,10,24,31,18,11,3
S1=14,3,2,7,12,10,11,9,5,0,1,4,6,13,8,15,11,14,9,12,5,7,8,6,15,0,3,13,4,2,10,1,13,3,4,11,7,9,15,12,10,6,14,5,0,1,8,2,3,13,7,1,0,6,10,2,12,5,4,8,11,15,9,14
S2=12,4,6,8,15,7,5,11,9,10,14,1,3,0,13,2,11,7,2,1,6,12,10,8,9,3,5,13,4,15,0,14,14,1,0,3,2,4,10,6,15,8,5,13,11,7,9,12,10,3,0,6,8,1,9,11,14,15,12,13,7,5,4,2
S3=5,0,14,1,7,11,4,3,6,2,9,15,12,10,8,13,15,13,14,12,5,4,6,3,8,10,1,0,11,9,2,7,0,1,9,11,8,6,4,12,7,3,2,14,13,15,5,10,13,6,5,0,7,2,9,11,3,10,12,4,15,1,14,8
S4=15,8,7,14,4,2,13,10,3,11,9,12,0,1,5,6,7,14,1,13,9,10,2,4,6,15,3,12,8,5,0,11,10,0,1,2,5,13,9,8,15,7,3,14,4,11,6,12,9,4,8,13,2,12,10,1,11,5,0,15,7,14,3,6
S5=3,6,10,8,13,5,12,14,2,11,1,7,15,9,4,0,3,6,15,1,12,10,5,9,0,8,2,4,11,14,13,7,7,1,12,9,8,6,10,3,15,13,5,4,0,14,11,2,9,0,13,1,14,4,8,2,10,6,12,5,7,3,15,11
S6=12,0,7,15,4,6,3,1,10,13,14,11,9,2,8,5,11,13,6,1,15,8,12,7,9,0,3,14,10,2,4,5,3,2,9,0,11,15,14,12,1,10,4,13,8,6,5,7,14,6,15,1,7,9,11,8,10,5,3,12,4,0,2,13
S7=1,11,5,4,14,7,15,0,2,13,12,8,9,6,10,3,3,8,6,13,7,10,9,1,2,15,4,11,0,14,5,12,9,12,15,2,1,10,0,7,6,4,8,13,11,14,5,3,7,2,0,13,5,10,11,3,1,6,12,14,8,4,15,9
S8=2,0,14,10,15,8,12,11,9,7,6,13,3,1,4,5,8,13,11,5,12,6,4,0,7,15,3,2,1,10,9,14,4,0,10,6,12,5,7,1,11,13,15,3,9,2,8,14,4,5,12,3,7,9,10,6,15,0,2,1,11,13,8,14
V=2,1,2,1,2,2,2,2,2,2,1,1,2,2,2,2
PC1=23,14,26,30,4,60,20,6,63,38,57,19,51,45,21,3,2,58,59,44,22,33,13,42,31,35,28,12,49,50,36,62,46,1,34,17,7,52,47,25,54,18,29,55,11,5,41,39,10,53,43,61,15,27,9,37
PC2=2,42,23,9,7,30,12,55,44,1,39,54,32,28,14,20,38,49,40,37,27,29,13,4,47,43,35,18,31,48,51,41,36,19,34,8,6,24,25,46,22,26,3,10,11,50,33,45
